1036
1092
1148
1204
1260
1316
1372
1428
1484
1540
1596
1652
1708
1764
1820
1876
1932
1988
2044
2100
2156
2212
2268
2324
2380
2436
2492
2548
2604
2660
2716
2772
2828
2884
2940
2996
3052
3108
3164
3220
3276
3332
3388
3444
3500
3556
3612
3668
3724
3780
3836
3892
3948
4004
4060
4116
4172
4228
4284
4340
4396
4452
4508
4564
4620
4676
4732
4788
4844
4900
4956
5012
5068
5124
5180
5236
5292
5348
5404
5460
5516
5572
5628
5684
5740
5796
5852
5908
5964
6020
6076
6132
6188
6244
6300
6356
6412
6468
6524
6580
6636
6692
6748
6804
6860
6916
6972
7028
7084
7140
7196
7252
7308
7364
7420
7476
7532
7588
7644
7700
7756
7812
7868
7924
7980
8036
8092
8148
8204
8260
8316
8372
8428
8484
8540
8596
8652
8708
8764
8820
8876
8932
8988
9044
9100
9156
9212
9268
9324
9380
9436
9492
9548
9604
9660
9716
9772
9828
9884
9940
9996
